1000 0
2000 0
3000 0
4000 0
5000 0
6000 0
7000 0
8000 0
9000 0
10000 0
11000 0
12000 0
13000 0
14000 0
15000 0
16000 0
17000 0
18000 0
19000 0
20000 0
21000 0
22000 0
23000 0
24000 0
25000 0
26000 0
27000 0
28000 1
29000 1
30000 1
31000 1
32000 1
33000 1
34000 1
35000 1
36000 1
37000 1
38000 1
39000 1
40000 2
41000 2
42000 2
43000 2
44000 2
45000 2
46000 2
47000 2
48000 2
49000 3
50000 3
51000 3
52000 3
53000 3
54000 3
55000 3
56000 4
57000 4
58000 4
59000 4
60000 4
61000 4
62000 4
63000 5
64000 5
65000 5
66000 5
67000 5
68000 5
69000 6
70000 6
71000 6
72000 6
73000 6
74000 6
75000 7
76000 7
77000 7
78000 7
79000 7
80000 8
81000 8
82000 8
83000 8
84000 9
85000 9
86000 10
87000 9
88000 10
89000 10
90000 10
91000 10
92000 11
93000 11
94000 11
95000 11
96000 12
97000 12
98000 12
99000 12
100000 13
101000 13
102000 13
103000 13
104000 14
105000 14
106000 14
107000 15
108000 15
109000 15
110000 15
111000 16
112000 16
113000 16
114000 17
115000 17
116000 17
117000 18
118000 18
119000 18
120000 18
121000 19
122000 19
123000 19
124000 20
125000 20
126000 20
127000 21
128000 21
129000 21
130000 22
131000 22
132000 23
133000 23
134000 24
135000 23
136000 24
137000 24
138000 24
139000 25
140000 25
141000 26
142000 26
143000 26
144000 27
145000 27
146000 27
147000 28
148000 28
149000 29
150000 29
151000 29
152000 30
153000 30
154000 31
155000 31
156000 32
157000 32
158000 32
159000 33
160000 33
161000 34
162000 34
163000 35
164000 35
165000 35
166000 36
167000 36
168000 36
169000 36
170000 37
171000 37
172000 38
173000 38
174000 39
175000 39
176000 40
177000 40
178000 41
179000 41
