10000 3
20000 4
30000 6
40000 7
50000 10
60000 13
70000 13
80000 17
90000 20
100000 21
110000 25
120000 28
130000 31
140000 34
150000 36
160000 37
170000 40
180000 43
190000 46
200000 51
210000 52
220000 53
230000 59
240000 61
250000 63
260000 70
270000 68
280000 75
290000 74
300000 78
310000 85
320000 88
330000 90
340000 92
350000 108
360000 98
370000 106
380000 104
390000 106
400000 112
410000 117
420000 117
430000 125
440000 125
450000 132
460000 133
470000 142
480000 137
490000 146
500000 149
510000 153
520000 153
530000 161
540000 163
550000 171
560000 177
570000 178
580000 176
590000 185
600000 188
610000 190
620000 198
630000 202
640000 207
650000 208
660000 214
670000 219
680000 221
690000 224
700000 236
710000 242
720000 237
730000 244
740000 249
750000 259
760000 262
770000 266
780000 271
790000 290
800000 290
810000 281
820000 290
830000 301
840000 298
850000 299
860000 316
870000 315
880000 311
890000 327
900000 339
910000 333
920000 335
930000 348
940000 347
950000 358
960000 366
970000 367
980000 380
990000 386
1000000 374
